3 0.731211 0.743665 0.731211 0.913377 0.985853 0.913377 0.985853 0.743665
3 0.701149 0.135533 0.021220 0.136123 0.021220 0.912198 0.701149 0.963465
1 0.333333 0.968768 0.360743 0.968768 0.361627 0.970536 0.409372 0.968768 0.409372 0.964054 0.414677 0.963465 0.415561 0.956983 0.333333 0.956983
1 0.433245 0.080731 0.433245 0.112552 0.439434 0.112552 0.440318 0.097820 0.461538 0.097820 0.461538 0.094873 0.440318 0.094873 0.440318 0.084266 0.473033 0.084266 0.473917 0.112552 0.503095 0.112552 0.503095 0.109605 0.479222 0.109016 0.479222 0.080731
1 0.364279 0.080731 0.364279 0.112552 0.386384 0.112552 0.397878 0.110194 0.404951 0.091927 0.396994 0.081909
1 0.314766 0.080731 0.314766 0.112552 0.320071 0.112552 0.320955 0.098409 0.331565 0.098409 0.342175 0.111962 0.351901 0.112552 0.351901 0.080731 0.346596 0.080731 0.345712 0.095463 0.335102 0.095463 0.330681 0.085445 0.325376 0.085445 0.322723 0.080731
1 0.509284 0.091927 0.515473 0.111962 0.535809 0.113141 0.564103 0.106070 0.587975 0.115498 0.602122 0.107837 0.620690 0.112552 0.620690 0.098998 0.633068 0.098409 0.647215 0.111962 0.656941 0.112552 0.648099 0.103712 0.655172 0.089570 0.650752 0.081320 0.615385 0.080731 0.614500 0.085445 0.579134 0.080141 0.553492 0.086034 0.547303 0.081320 0.519010 0.080731
1 0.107869 0.093695 0.118479 0.112552 0.167993 0.112552 0.168877 0.098409 0.182140 0.098998 0.196286 0.112552 0.227233 0.114319 0.264368 0.104302 0.265252 0.111373 0.288240 0.113141 0.302387 0.106659 0.302387 0.080731 0.289125 0.109605 0.274978 0.108427 0.274094 0.080731 0.253758 0.088981 0.236958 0.080141 0.212202 0.088391 0.198055 0.081320 0.150309 0.086623 0.126437 0.080141
1 0.435013 0.025928 0.427940 0.033589 0.441202 0.034767 0.442087 0.044196 0.452697 0.044785 0.449160 0.053035 0.436782 0.053035 0.435897 0.047731 0.429708 0.047731 0.432361 0.057749 0.440318 0.060106 0.457118 0.054803 0.467728 0.054803 0.473033 0.060106 0.491600 0.058338 0.499558 0.050088 0.497790 0.037714 0.508400 0.037124 0.510168 0.025928 0.478338 0.025928 0.468612 0.031821 0.458002 0.031821 0.454465 0.025339
1 0.365164 0.024160 0.364279 0.030053 0.368700 0.030053 0.370469 0.035357 0.377542 0.037714 0.377542 0.045374 0.360743 0.059517 0.373121 0.058338 0.378426 0.050678 0.389920 0.050678 0.390805 0.055392 0.395225 0.055392 0.398762 0.059517 0.405836 0.059517 0.404067 0.053035 0.391689 0.045374 0.391689 0.037714 0.404951 0.025928 0.396110 0.026517 0.395225 0.028874 0.374889 0.028874
1 0.257294 0.029464 0.259947 0.035946 0.264368 0.031232 0.278515 0.031232 0.279399 0.039481 0.258179 0.047731 0.255526 0.060106 0.288240 0.060695 0.289125 0.056570 0.318302 0.060106 0.326260 0.048321 0.325376 0.037714 0.336870 0.037124 0.338638 0.026517 0.320955 0.030642 0.303271 0.024750 0.297082 0.031232 0.285588 0.031232 0.281167 0.024160 0.267020 0.024160
1 0.000000 0.000000 0.000000 0.999411 0.999116 0.999411 0.002653 0.997643
